1920 1080 21.63
800 600 7.86
2560 1440 6.43
1536 864 5.75
375 812 2.75
1440 900 2.37
1280 720 2.23
1366 768 2.17
393 873 1.64
390 844 1.55
360 800 1.50
2048 1152 1.38
1707 1067 1.08
412 915 0.99
1512 982 0.98
1728 1117 0.98
1920 1200 0.96
3440 1440 0.94
414 896 0.93
1280 1024 0.88
1280 800 0.85
1680 1050 0.84
1536 960 0.81
393 851 0.76
1707 960 0.74
393 852 0.73
1024 768 0.69
1600 900 0.68
1280 960 0.67
360 780 0.62
430 932 0.58
407 904 0.55
1470 956 0.49
384 832 0.47
360 820 0.44
1080 1920 0.42
1600 1000 0.42
2560 1080 0.40
412 892 0.39
480 800 0.38
375 667 0.36
428 926 0.35
2195 1235 0.34
1792 1120 0.28
360 804 0.27
440 956 0.25
1710 1107 0.25
361 801 0.25
384 854 0.21
385 854 0.21
1050 700 0.21
2048 1280 0.21
1360 768 0.20
2240 1260 0.19
360 806 0.18
360 792 0.18
360 640 0.18
390 664 0.18
1440 960 0.18
3840 2160 0.18
1800 1169 0.17
360 740 0.16
360 760 0.16
432 960 0.16
393 895 0.16
424 942 0.16
820 1180 0.16
402 874 0.15
810 1080 0.14
768 1024 0.14
1600 1200 0.13
1024 640 0.12
2752 1152 0.12
360 720 0.12
360 796 0.12
360 512 0.12
362 795 0.12
412 732 0.12
834 1194 0.12
1024 1024 0.12
384 857 0.11
393 727 0.11
400 890 0.10
414 736 0.10
2056 1329 0.10
5120 1440 0.10
360 812 0.10
360 825 0.10
376 835 0.10
384 824 0.10
1440 1080 0.10
400 889 0.09
418 976 0.09
800 1280 0.09
1024 1366 0.09
1600 1600 0.09
1710 1112 0.09
834 1210 0.08
1200 800 0.08
3008 1692 0.08
320 712 0.08
360 803 0.08
367 814 0.08
412 883 0.08
720 1280 0.08
1746 982 0.08
2560 1707 0.08
355 793 0.07
450 734 0.07
1496 967 0.07
1500 1000 0.07
3072 1728 0.07
370 816 0.06
375 833 0.06
412 823 0.06
412 869 0.06
686 1098 0.06
960 540 0.06
2134 1200 0.06
388 837 0.06
393 876 0.06
600 960 0.06
828 1792 0.06
1152 720 0.06
1440 810 0.06
1463 915 0.06
1494 934 0.06
1517 852 0.06
2560 1600 0.06
3840 1080 0.06
372 827 0.05
385 824 0.05
385 833 0.05
900 600 0.05
1000 600 0.05
1366 720 0.05
1368 912 0.05
1646 1029 0.05
1920 1243 0.05
2328 1310 0.05
320 693 0.05
370 820 0.05
377 831 0.05
412 919 0.05
424 918 0.05
432 984 0.05
686 1143 0.05
744 1133 0.05
1344 840 0.05
1352 878 0.05
1504 1003 0.05
320 640 0.04
360 772 0.04
360 748 0.04
366 801 0.04
375 828 0.04
412 846 0.04
448 998 0.04
610 976 0.04
640 1024 0.04
962 601 0.04
1138 712 0.04
1280 768 0.04
1560 1040 0.04
1600 800 0.04
1646 926 0.04
1685 948 0.04
1739 979 0.04
1760 990 0.04
2560 1441 0.04
3200 1800 0.04
3360 1890 0.04
360 880 0.03
360 805 0.03
363 797 0.03
401 889 0.03
450 1000 0.03
509 1130 0.03
1143 686 0.03
1164 777 0.03
1260 840 0.03
1280 882 0.03
1334 800 0.03
1386 866 0.03
1397 786 0.03
1400 1050 0.03
1440 932 0.03
1451 907 0.03
1549 872 0.03
1566 1080 0.03
1568 1080 0.03
1680 1120 0.03
1700 1000 0.03
2246 1264 0.03
320 568 0.03
360 802 0.03
360 771 0.03
362 804 0.03
377 837 0.03
400 867 0.03
412 922 0.03
424 946 0.03
438 973 0.03
736 1120 0.03
753 1205 0.03
834 1112 0.03
962 541 0.03
970 1389 0.03
1120 788 0.03
1318 825 0.03
1512 945 0.03
1603 902 0.03
1701 3024 0.03
1708 960 0.03
1715 965 0.03
1810 1018 0.03
1829 1029 0.03
1920 890 0.03
2294 960 0.03
2304 1296 0.03
2561 1440 0.03
2731 1440 0.03
2880 1620 0.03
320 534 0.02
320 718 0.02
345 883 0.02
362 801 0.02
370 822 0.02
374 843 0.02
376 831 0.02
381 846 0.02
384 792 0.02
388 861 0.02
393 830 0.02
396 880 0.02
412 918 0.02
414 920 0.02
417 932 0.02
420 934 0.02
421 935 0.02
424 949 0.02
425 935 0.02
427 950 0.02
437 970 0.02
480 1067 0.02
491 1091 0.02
501 1114 0.02
600 1000 0.02
601 962 0.02
712 1138 0.02
719 782 0.02
720 1152 0.02
960 600 0.02
1152 864 0.02
1164 655 0.02
1220 813 0.02
1280 832 0.02
1280 854 0.02
1281 720 0.02
1366 854 0.02
1408 792 0.02
1440 2560 0.02
1463 823 0.02
1477 831 0.02
1676 943 0.02
1707 1068 0.02
1728 1080 0.02
1728 1152 0.02
1800 1126 0.02
1922 965 0.02
2048 1153 0.02
2066 1162 0.02
2319 1305 0.02
2880 1800 0.02
3414 1440 0.02
320 714 0.01
320 694 0.01
320 570 0.01
328 399 0.01
339 753 0.01
339 727 0.01
360 770 0.01
361 846 0.01
363 826 0.01
364 800 0.01
371 824 0.01
371 815 0.01
373 818 0.01
377 795 0.01
377 832 0.01
377 810 0.01
383 850 0.01
384 811 0.01
385 860 0.01
385 793 0.01
388 883 0.01
389 863 0.01
392 800 0.01
393 699 0.01
394 875 0.01
400 712 0.01
400 892 0.01
400 894 0.01
406 902 0.01
412 906 0.01
412 933 0.01
412 938 0.01
413 919 0.01
422 936 0.01
424 848 0.01
424 965 0.01
424 937 0.01
432 768 0.01
433 960 0.01
441 974 0.01
444 978 0.01
450 1032 0.01
461 1024 0.01
480 854 0.01
486 1079 0.01
493 1151 0.01
500 888 0.01
501 1086 0.01
534 854 0.01
600 1267 0.01
600 1024 0.01
631 1009 0.01
640 360 0.01
651 708 0.01
720 1600 0.01
800 1334 0.01
807 1345 0.01
808 1620 0.01
854 534 0.01
864 1536 0.01
915 412 0.01
970 1408 0.01
976 610 0.01
980 1758 0.01
980 1667 0.01
980 1783 0.01
1007 601 0.01
1024 576 0.01
1032 1376 0.01
1067 600 0.01
1080 720 0.01
1098 686 0.01
1098 618 0.01
1102 689 0.01
1110 625 0.01
1120 736 0.01
1128 634 0.01
1147 745 0.01
1194 727 0.01
1200 1600 0.01
1280 801 0.01
1280 721 0.01
1296 778 0.01
1334 889 0.01
1360 1020 0.01
1376 774 0.01
1423 889 0.01
1436 808 0.01
1440 992 0.01
1441 961 0.01
1472 920 0.01
1494 935 0.01
1536 865 0.01
1536 1024 0.01
1538 865 0.01
1541 705 0.01
1556 973 0.01
1600 1067 0.01
1600 1024 0.01
1642 1028 0.01
1664 1110 0.01
1668 870 0.01
1704 1065 0.01
1704 1163 0.01
1707 720 0.01
1720 1080 0.01
1756 1098 0.01
1778 1000 0.01
1846 1038 0.01
1901 1069 0.01
1920 1440 0.01
1920 967 0.01
1920 1280 0.01
1920 952 0.01
1923 961 0.01
1926 929 0.01
1926 964 0.01
1967 1106 0.01
1970 1108 0.01
2000 2000 0.01
2048 1536 0.01
2134 1334 0.01
2138 1203 0.01
2176 1224 0.01
2235 1257 0.01
2238 1236 0.01
2239 1236 0.01
2246 1404 0.01
2304 1440 0.01
2340 1080 0.01
2560 1664 0.01
3008 1269 0.01
3072 864 0.01
3800 2200 0.01
7680 1080 0.01
230 263 0.01
240 534 0.01
291 356 0.01
295 652 0.01
300 650 0.01
306 680 0.01
313 660 0.01
320 569 0.01
320 676 0.01
320 320 0.01
320 734 0.01
320 700 0.01
320 729 0.01
320 715 0.01
320 572 0.01
320 685 0.01
320 726 0.01
321 712 0.01
321 705 0.01
323 724 0.01
325 727 0.01
326 724 0.01
327 327 0.01
328 728 0.01
330 732 0.01
331 735 0.01
336 712 0.01
339 697 0.01
339 757 0.01
339 735 0.01
340 755 0.01
341 756 0.01
342 763 0.01
342 810 0.01
343 610 0.01
346 768 0.01
346 692 0.01
346 802 0.01
348 813 0.01
351 785 0.01
351 779 0.01
352 800 0.01
352 781 0.01
353 802 0.01
353 787 0.01
353 783 0.01
354 808 0.01
359 797 0.01
359 789 0.01
360 756 0.01
360 840 0.01
360 520 0.01
360 747 0.01
360 721 0.01
360 626 0.01
360 624 0.01
360 723 0.01
360 744 0.01
360 610 0.01
360 627 0.01
360 681 0.01
361 827 0.01
362 737 0.01
362 809 0.01
363 798 0.01
363 823 0.01
364 801 0.01
366 859 0.01
366 800 0.01
369 813 0.01
369 819 0.01
372 785 0.01
372 806 0.01
375 814 0.01
375 854 0.01
376 814 0.01
377 843 0.01
377 897 0.01
377 816 0.01
377 446 0.01
377 628 0.01
378 861 0.01
378 819 0.01
380 887 0.01
381 825 0.01
381 845 0.01
381 867 0.01
384 660 0.01
384 679 0.01
384 688 0.01
385 811 0.01
385 904 0.01
385 845 0.01
385 859 0.01
385 790 0.01
385 858 0.01
386 836 0.01
388 840 0.01
388 838 0.01
391 868 0.01
391 846 0.01
392 913 0.01
393 818 0.01
393 864 0.01
393 869 0.01
393 655 0.01
393 870 0.01
393 917 0.01
393 817 0.01
393 838 0.01
393 785 0.01
393 886 0.01
393 786 0.01
395 880 0.01
395 877 0.01
395 869 0.01
396 902 0.01
399 841 0.01
400 917 0.01
400 880 0.01
400 640 0.01
400 864 0.01
400 896 0.01
400 903 0.01
400 845 0.01
400 912 0.01
400 817 0.01
400 879 0.01
401 891 0.01
402 883 0.01
405 899 0.01
406 903 0.01
407 906 0.01
408 905 0.01
408 907 0.01
408 898 0.01
410 910 0.01
411 903 0.01
411 916 0.01
411 890 0.01
411 913 0.01
412 921 0.01
412 755 0.01
412 882 0.01
412 960 0.01
414 897 0.01
416 900 0.01
417 927 0.01
417 903 0.01
419 930 0.01
420 840 0.01
421 938 0.01
421 748 0.01
421 936 0.01
421 964 0.01
424 945 0.01
424 989 0.01
424 753 0.01
424 895 0.01
427 683 0.01
427 720 0.01
427 925 0.01
431 862 0.01
431 958 0.01
431 942 0.01
432 936 0.01
432 926 0.01
432 864 0.01
434 965 0.01
436 968 0.01
437 973 0.01
438 992 0.01
438 960 0.01
439 963 0.01
440 978 0.01
440 707 0.01
442 982 0.01
443 983 0.01
444 742 0.01
446 1015 0.01
450 975 0.01
456 1012 0.01
456 810 0.01
461 973 0.01
461 950 0.01
463 1002 0.01
463 1030 0.01
464 1030 0.01
471 1073 0.01
471 942 0.01
479 1063 0.01
480 880 0.01
480 642 0.01
480 855 0.01
482 770 0.01
485 1084 0.01
485 1076 0.01
485 1049 0.01
486 1053 0.01
486 1080 0.01
491 982 0.01
491 1119 0.01
491 1021 0.01
494 1070 0.01
495 1007 0.01
500 999 0.01
501 1130 0.01
504 1126 0.01
504 1092 0.01
512 911 0.01
512 1137 0.01
515 1115 0.01
517 826 0.01
534 894 0.01
534 889 0.01
536 1166 0.01
540 960 0.01
549 309 0.01
551 1223 0.01
556 1235 0.01
571 1269 0.01
576 1285 0.01
581 1292 0.01
597 1227 0.01
600 1288 0.01
600 873 0.01
600 1200 0.01
600 1334 0.01
600 1276 0.01
607 971 0.01
618 1098 0.01
618 1372 0.01
636 800 0.01
638 720 0.01
639 720 0.01
640 480 0.01
646 1440 0.01
653 1377 0.01
674 842 0.01
681 1210 0.01
689 1102 0.01
692 764 0.01
703 1567 0.01
720 1652 0.01
721 1341 0.01
732 412 0.01
742 830 0.01
750 832 0.01
760 780 0.01
764 677 0.01
768 1200 0.01
771 730 0.01
782 548 0.01
782 719 0.01
800 1333 0.01
800 360 0.01
800 480 0.01
800 1281 0.01
800 800 0.01
800 533 0.01
802 360 0.01
804 360 0.01
806 360 0.01
813 1220 0.01
819 614 0.01
820 1106 0.01
820 360 0.01
821 884 0.01
825 1200 0.01
826 517 0.01
829 518 0.01
829 691 0.01
830 393 0.01
834 1335 0.01
838 388 0.01
851 1394 0.01
851 1157 0.01
853 480 0.01
854 683 0.01
864 500 0.01
873 393 0.01
874 522 0.01
894 534 0.01
900 1600 0.01
911 534 0.01
915 1886 0.01
930 608 0.01
931 685 0.01
935 421 0.01
943 589 0.01
953 458 0.01
954 1373 0.01
960 1080 0.01
960 400 0.01
960 254 0.01
960 2027 0.01
961 600 0.01
962 632 0.01
965 923 0.01
966 610 0.01
976 418 0.01
976 562 0.01
979 1771 0.01
979 1853 0.01
980 1827 0.01
980 1715 0.01
980 1706 0.01
980 1829 0.01
980 1620 0.01
980 2028 0.01
980 1687 0.01
980 1751 0.01
980 1660 0.01
980 1749 0.01
980 1709 0.01
980 1685 0.01
980 1849 0.01
980 1805 0.01
980 1689 0.01
980 2070 0.01
980 1688 0.01
980 1399 0.01
980 1733 0.01
984 1750 0.01
990 1513 0.01
991 637 0.01
1000 506 0.01
1000 1600 0.01
1005 2233 0.01
1010 629 0.01
1010 632 0.01
1018 1099 0.01
1022 583 0.01
1024 819 0.01
1024 864 0.01
1024 2160 0.01
1024 665 0.01
1024 600 0.01
1024 1050 0.01
1024 666 0.01
1026 639 0.01
1031 660 0.01
1041 586 0.01
1042 650 0.01
1044 587 0.01
1051 592 0.01
1056 594 0.01
1067 560 0.01
1067 701 0.01
1067 1707 0.01
1072 1471 0.01
1080 2560 0.01
1080 2160 0.01
1080 2410 0.01
1080 746 0.01
1082 2302 0.01
1087 680 0.01
1093 614 0.01
1093 615 0.01
1095 616 0.01
1102 620 0.01
1104 1080 0.01
1104 473 0.01
1104 543 0.01
1106 741 0.01
1111 625 0.01
1120 800 0.01
1120 700 0.01
1121 685 0.01
1122 631 0.01
1126 751 0.01
1133 744 0.01
1133 637 0.01
1139 640 0.01
1143 643 0.01
1143 646 0.01
1143 808 0.01
1145 768 0.01
1149 690 0.01
1150 647 0.01
1151 720 0.01
1152 648 0.01
1154 1080 0.01
1157 835 0.01
1160 839 0.01
1160 756 0.01
1163 657 0.01
1164 728 0.01
1167 698 0.01
1168 755 0.01
1169 698 0.01
1174 769 0.01
1176 664 0.01
1182 739 0.01
1184 802 0.01
1184 1080 0.01
1189 874 0.01
1194 633 0.01
1200 675 0.01
1200 500 0.01
1200 1200 0.01
1200 768 0.01
1200 600 0.01
1205 753 0.01
1205 589 0.01
1205 555 0.01
1205 904 0.01
1209 680 0.01
1212 900 0.01
1216 811 0.01
1220 895 0.01
1224 2176 0.01
1227 690 0.01
1229 768 0.01
1230 768 0.01
1231 693 0.01
1232 577 0.01
1233 600 0.01
1236 824 0.01
1239 826 0.01
1245 818 0.01
1250 750 0.01
1255 799 0.01
1260 814 0.01
1261 709 0.01
1264 780 0.01
1268 597 0.01
1270 813 0.01
1270 627 0.01
1275 640 0.01
1280 1720 0.01
1280 600 0.01
1280 748 0.01
1280 1040 0.01
1280 634 0.01
1281 558 0.01
1282 605 0.01
1282 1314 0.01
1282 604 0.01
1283 869 0.01
1283 602 0.01
1283 871 0.01
1286 912 0.01
1287 872 0.01
1287 572 0.01
1288 902 0.01
1288 871 0.01
1288 572 0.01
1290 886 0.01
1291 727 0.01
1291 667 0.01
1296 1016 0.01
1300 730 0.01
1302 733 0.01
1303 815 0.01
1304 1080 0.01
1306 735 0.01
1306 2226 0.01
1313 739 0.01
1316 764 0.01
1317 657 0.01
1317 991 0.01
1318 866 0.01
1324 907 0.01
1336 752 0.01
1341 755 0.01
1344 767 0.01
1345 807 0.01
1348 758 0.01
1350 900 0.01
1355 847 0.01
1356 848 0.01
1356 819 0.01
1360 640 0.01
1362 647 0.01
1363 818 0.01
1364 630 0.01
1364 1023 0.01
1366 649 0.01
1366 648 0.01
1366 721 0.01
1366 917 0.01
1366 1400 0.01
1366 769 0.01
1366 851 0.01
1367 653 0.01
1367 651 0.01
1368 631 0.01
1369 603 0.01
1369 642 0.01
1371 771 0.01
1372 691 0.01
1372 629 0.01
1373 652 0.01
1373 659 0.01
1373 645 0.01
1374 690 0.01
1374 655 0.01
1381 863 0.01
1383 761 0.01
1383 864 0.01
1386 908 0.01
1387 925 0.01
1389 863 0.01
1392 1155 0.01
1399 875 0.01
1400 800 0.01
1400 900 0.01
1400 700 0.01
1402 789 0.01
1403 877 0.01
1406 938 0.01
1408 921 0.01
1410 940 0.01
1423 800 0.01
1423 950 0.01
1431 2544 0.01
1439 839 0.01
1440 820 0.01
1440 1350 0.01
1440 704 0.01
1440 702 0.01
1440 840 0.01
1441 960 0.01
1444 820 0.01
1445 763 0.01
1446 960 0.01
1448 706 0.01
1448 785 0.01
1448 760 0.01
1450 906 0.01
1451 816 0.01
1455 971 0.01
1458 807 0.01
1459 821 0.01
1460 812 0.01
1470 920 0.01
1470 726 0.01
1472 828 0.01
1475 830 0.01
1477 924 0.01
1477 832 0.01
1478 764 0.01
1481 834 0.01
1482 1112 0.01
1489 838 0.01
1493 933 0.01
1495 777 0.01
1496 842 0.01
1500 640 0.01
1501 1194 0.01
1504 804 0.01
1505 907 0.01
1506 942 0.01
1506 843 0.01
1508 1040 0.01
1512 944 0.01
1512 851 0.01
1513 780 0.01
1515 944 0.01
1517 769 0.01
1517 853 0.01
1519 719 0.01
1520 2480 0.01
1526 954 0.01
1536 784 0.01
1536 742 0.01
1536 961 0.01
1536 703 0.01
1538 784 0.01
1539 1655 0.01
1539 750 0.01
1540 746 0.01
1540 742 0.01
1540 867 0.01
1540 737 0.01
1542 706 0.01
1542 740 0.01
1542 708 0.01
1542 743 0.01
1543 785 0.01
1543 710 0.01
1544 699 0.01
1544 745 0.01
1545 1608 0.01
1552 970 0.01
1555 856 0.01
1559 846 0.01
1560 1080 0.01
1563 879 0.01
1564 1043 0.01
1576 887 0.01
1583 950 0.01
1587 893 0.01
1590 1192 0.01
1596 998 0.01
1600 1068 0.01
1601 901 0.01
1601 900 0.01
1603 779 0.01
1603 776 0.01
1604 775 0.01
1607 779 0.01
1613 1008 0.01
1616 909 0.01
1616 1078 0.01
1616 1001 0.01
1626 1016 0.01
1626 915 0.01
1631 918 0.01
1632 918 0.01
1632 1020 0.01
1633 780 0.01
1636 1023 0.01
1639 922 0.01
1640 768 0.01
1642 943 0.01
1642 1094 0.01
1643 1095 0.01
1650 1100 0.01
1661 935 0.01
1664 768 0.01
1666 1111 0.01
1669 938 0.01
1670 940 0.01
1672 886 0.01
1674 908 0.01
1680 1026 0.01
1682 810 0.01
1682 890 0.01
1683 872 0.01
1684 921 0.01
1686 937 0.01
1688 1080 0.01
1692 1056 0.01
1696 954 0.01
1699 1201 0.01
1706 960 0.01
1707 961 0.01
1708 1067 0.01
1710 910 0.01
1710 938 0.01
1710 1068 0.01
1710 944 0.01
1710 1017 0.01
1712 963 0.01
1714 921 0.01
1715 910 0.01
1715 1139 0.01
1719 967 0.01
1720 720 0.01
1723 960 0.01
1726 1057 0.01
1728 1079 0.01
1728 3072 0.01
1728 972 0.01
1730 973 0.01
1731 973 0.01
1741 1088 0.01
1746 1091 0.01
1748 864 0.01
1750 874 0.01
1753 947 0.01
1755 862 0.01
1768 992 0.01
1773 858 0.01
1776 1000 0.01
1781 1002 0.01
1783 1189 0.01
1787 1067 0.01
1792 768 0.01
1800 900 0.01
1804 1014 0.01
1807 1016 0.01
1808 887 0.01
1810 973 0.01
1813 1191 0.01
1825 1027 0.01
1829 1143 0.01
1840 1150 0.01
1842 1036 0.01
1846 1003 0.01
1847 1039 0.01
1852 1235 0.01
1855 930 0.01
1862 1048 0.01
1870 978 0.01
1871 1003 0.01
1872 1080 0.01
1883 1059 0.01
1889 1510 0.01
1891 1064 0.01
1897 1067 0.01
1918 983 0.01
1918 1068 0.01
1920 965 0.01
1920 972 0.01
1920 875 0.01
1920 962 0.01
1920 947 0.01
1920 918 0.01
1920 996 0.01
1920 925 0.01
1920 968 0.01
1920 1081 0.01
1920 932 0.01
1921 923 0.01
1921 1007 0.01
1921 956 0.01
1921 959 0.01
1921 961 0.01
1921 964 0.01
1921 1005 0.01
1921 920 0.01
1922 963 0.01
1922 960 0.01
1922 923 0.01
1922 961 0.01
1922 931 0.01
1922 955 0.01
1922 927 0.01
1922 925 0.01
1923 959 0.01
1923 929 0.01
1923 926 0.01
1923 958 0.01
1923 917 0.01
1923 940 0.01
1923 1004 0.01
1923 952 0.01
1923 920 0.01
1924 928 0.01
1924 971 0.01
1924 956 0.01
1924 959 0.01
1924 1202 0.01
1925 972 0.01
1925 961 0.01
1925 1157 0.01
1925 920 0.01
1925 925 0.01
1926 967 0.01
1926 928 0.01
1926 952 0.01
1926 962 0.01
1926 926 0.01
1926 925 0.01
1926 1001 0.01
1926 956 0.01
1926 1005 0.01
1926 961 0.01
1927 954 0.01
1927 953 0.01
1927 956 0.01
1927 923 0.01
1927 860 0.01
1927 958 0.01
1927 925 0.01
1928 960 0.01
1928 933 0.01
1928 956 0.01
1928 963 0.01
1928 924 0.01
1928 929 0.01
1928 919 0.01
1928 923 0.01
1928 958 0.01
1928 954 0.01
1934 1212 0.01
1935 1088 0.01
1940 1213 0.01
1940 1091 0.01
1955 1100 0.01
1957 972 0.01
1966 823 0.01
1975 1235 0.01
1995 1123 0.01
2000 1125 0.01
2012 843 0.01
2013 1005 0.01
2019 1174 0.01
2022 1220 0.01
2028 1012 0.01
2030 932 0.01
2038 1147 0.01
2048 1107 0.01
2048 1332 0.01
2048 864 0.01
2048 1080 0.01
2053 998 0.01
2054 1043 0.01
2065 1162 0.01
2066 1291 0.01
2067 1162 0.01
2069 1164 0.01
2080 1300 0.01
2080 1387 0.01
2082 1171 0.01
2100 1313 0.01
2112 1188 0.01
2121 924 0.01
2138 1336 0.01
2144 1206 0.01
2160 1440 0.01
2170 1062 0.01
2170 1221 0.01
2172 1222 0.01
2180 1024 0.01
2195 1236 0.01
2195 1111 0.01
2227 1253 0.01
2267 1280 0.01
2276 1422 0.01
2304 5138 0.01
2304 1536 0.01
2307 1298 0.01
2307 973 0.01
2310 990 0.01
2310 1263 0.01
2393 1346 0.01
2400 1500 0.01
2400 1350 0.01
2405 1503 0.01
2413 1357 0.01
2414 1358 0.01
2439 1372 0.01
2460 1080 0.01
2523 1057 0.01
2535 1426 0.01
2535 1585 0.01
2560 1279 0.01
2560 2880 0.01
2560 1100 0.01
2560 1271 0.01
2560 1421 0.01
2560 1318 0.01
2560 1330 0.01
2561 1441 0.01
2561 1319 0.01
2561 1292 0.01
2562 956 0.01
2563 1285 0.01
2563 1320 0.01
2564 1323 0.01
2564 1285 0.01
2565 955 0.01
2565 1173 0.01
2566 1289 0.01
2567 597 0.01
2568 1282 0.01
2580 1080 0.01
2647 1108 0.01
2776 1162 0.01
2793 1571 0.01
2885 1623 0.01
2896 1629 0.01
2944 1840 0.01
2954 1662 0.01
3008 1253 0.01
3024 1890 0.01
3040 840 0.01
3072 1729 0.01
3073 1729 0.01
3206 1804 0.01
3392 1440 0.01
3399 956 0.01
3413 1440 0.01
3445 1316 0.01
3520 1280 0.01
3520 990 0.01
3600 920 0.01
3620 1527 0.01
3620 2036 0.01
3840 1944 0.01
3840 2560 0.01
3841 1080 0.01
4560 2160 0.01
5120 2160 0.01
7680 2160 0.01
7680 1440 0.01
18100 1600 0.01
